timestamp,open,high,low,close,volume
2019-01-01,695,695,695,695,0
2019-01-02,685,685,556,611,7400
2019-01-03,685,685,685,685,0
2019-01-04,685,685,685,685,0
2019-01-07,546,626,546,596,5100
2019-01-08,516,636,516,636,4400
2019-01-09,646,646,596,596,1900
2019-01-10,646,646,561,646,500
2019-01-11,646,646,646,646,0
2019-01-14,646,646,646,646,0
2019-01-15,646,646,596,596,300
2019-01-16,646,646,646,646,0
2019-01-17,745,924,616,924,7000
2019-01-18,854,894,745,745,3000
2019-01-21,854,854,854,854,0
2019-01-22,854,854,854,854,0
2019-01-23,1033,1063,651,844,2700
2019-01-24,1033,1033,1033,1033,0
2019-01-25,1028,1028,1028,1028,100
2019-01-28,1028,1028,1028,1028,0
2019-01-29,795,1276,785,1276,11900
2019-01-30,770,795,616,795,4100
2019-01-31,740,745,705,745,3000
2019-02-01,740,745,561,740,18200
2019-02-04,740,740,715,715,1200
2019-02-05,740,740,740,740,0
2019-02-06,740,740,740,740,0
2019-02-07,655,715,621,715,300
2019-02-08,655,655,655,655,3900
2019-02-11,651,655,651,655,200
2019-02-12,626,809,626,700,4800
2019-02-13,626,626,626,626,0
2019-02-14,785,914,626,914,6900
2019-02-15,735,785,735,785,6100
2019-02-18,725,725,616,616,8100
2019-02-19,725,725,725,725,0
2019-02-20,715,715,606,715,7300
2019-02-21,715,715,665,665,700
2019-02-22,715,715,626,675,2500
2019-02-25,894,894,725,725,3900
2019-02-26,894,894,894,894,0
2019-02-27,834,834,834,834,100
2019-02-28,834,834,834,834,0
2019-03-01,735,735,665,665,400
2019-03-04,710,710,710,710,100
2019-03-05,710,710,710,710,0
2019-03-06,844,844,795,839,11800
2019-03-07,844,844,844,844,0
2019-03-08,884,884,864,864,12000
2019-03-11,670,670,670,670,100
2019-03-12,785,884,785,884,1800
2019-03-13,755,944,745,944,70400
2019-03-14,705,889,705,889,10600
2019-03-15,705,705,705,705,0
2019-03-18,705,705,705,705,0
2019-03-19,755,775,596,775,300
2019-03-20,616,616,616,616,100
2019-03-21,834,834,715,715,2800
2019-03-22,725,1038,685,1038,4000
2019-03-25,725,939,685,745,7700
2019-03-26,775,924,685,775,5500
2019-03-27,725,819,725,819,600
2019-03-28,725,725,725,725,0
2019-03-29,725,725,725,725,0
2019-04-01,725,725,725,725,0
2019-04-02,725,725,725,725,0
2019-04-03,725,725,725,725,0
2019-04-04,725,725,725,725,0
2019-04-05,785,785,626,626,300
2019-04-08,765,765,750,750,200
2019-04-09,834,834,745,755,700
2019-04-10,834,834,834,834,0
2019-04-11,834,834,834,834,0
2019-04-12,834,834,834,834,100
2019-04-15,894,1033,655,834,2000
2019-04-16,670,670,670,670,200
2019-04-17,670,670,670,670,0
2019-04-18,785,804,670,670,3900
2019-04-19,785,785,785,785,0
2019-04-22,834,834,834,834,600
2019-04-23,834,834,834,834,0
2019-04-24,834,834,834,834,0
2019-04-25,834,834,834,834,0
2019-04-26,834,834,834,834,0
2019-04-29,834,834,834,834,0
2019-04-30,834,834,834,834,0
2019-05-01,834,834,834,834,0
2019-05-02,834,834,834,834,0
2019-05-03,834,834,834,834,0
2019-05-06,834,834,834,834,0
2019-05-07,834,834,834,834,0
2019-05-08,834,834,834,834,0
2019-05-09,834,834,834,834,0
2019-05-10,834,834,834,834,0
2019-05-13,834,834,834,834,0
2019-05-14,834,834,834,834,0
2019-05-15,834,834,834,834,0
2019-05-16,834,834,834,834,0
2019-05-17,834,834,834,834,0
2019-05-20,705,705,705,705,100
2019-05-21,775,785,775,785,600
2019-05-22,775,775,775,775,0
2019-05-23,775,775,775,775,0
2019-05-24,775,775,775,775,0
2019-05-27,775,775,775,775,0
2019-05-28,775,775,775,775,0
2019-05-29,775,775,775,775,0
2019-05-30,775,775,775,775,0
2019-05-31,775,775,775,775,0
2019-06-03,775,775,775,775,0
2019-06-04,775,775,775,775,0
2019-06-05,775,775,775,775,0
2019-06-06,775,775,775,775,0
2019-06-07,775,775,775,775,0
2019-06-10,775,775,775,775,0
2019-06-11,775,775,775,775,0
2019-06-12,824,834,725,725,1400
2019-06-13,904,904,795,834,10400
2019-06-14,988,988,988,988,100
2019-06-17,988,988,988,988,0
2019-06-18,795,795,755,755,1200
2019-06-19,750,988,750,795,3700
2019-06-20,775,775,775,775,2500
2019-06-21,760,944,760,944,12500
2019-06-24,755,755,720,720,3500
2019-06-25,874,894,780,785,1500
2019-06-26,874,874,874,874,0
2019-06-27,874,874,874,874,5700
2019-06-28,874,874,874,874,0
2019-07-01,864,864,725,745,3700
2019-07-02,865,865,865,865,0
2019-07-03,815,815,751,795,700
2019-07-04,766,845,766,845,600
2019-07-05,786,786,761,761,2400
2019-07-08,786,786,786,786,100
2019-07-09,786,786,786,786,0
2019-07-10,815,815,815,815,100
2019-07-11,815,815,815,815,0
2019-07-12,815,815,815,815,0
2019-07-15,815,815,815,815,0
2019-07-16,815,815,815,815,0
2019-07-17,716,716,716,716,100
2019-07-18,795,795,731,731,1900
2019-07-19,795,795,795,795,0
2019-07-22,795,795,795,795,0
2019-07-23,746,989,746,815,2500
2019-07-24,845,895,746,746,5500
2019-07-25,741,855,721,855,77200
2019-07-26,746,746,746,746,28900
2019-07-29,736,736,676,696,8700
2019-07-30,736,736,736,736,4800
2019-07-31,736,736,736,736,0
2019-08-01,746,795,746,795,6400
2019-08-02,795,795,726,756,23100
2019-08-05,795,795,795,795,5800
2019-08-06,795,795,795,795,6500
2019-08-07,855,974,701,701,7800
2019-08-08,994,1034,845,895,8000
2019-08-09,895,994,895,994,3700
2019-08-12,895,994,895,895,8200
2019-08-13,895,895,895,895,100
2019-08-14,895,895,895,895,0
2019-08-15,895,895,895,895,0
2019-08-16,741,825,731,825,2300
2019-08-19,761,761,746,746,200
2019-08-20,795,895,795,895,900
2019-08-21,795,885,795,795,2700
2019-08-22,776,925,776,795,2000
2019-08-23,845,845,776,776,3700
2019-08-26,930,994,776,994,15800
2019-08-27,900,979,900,979,400
2019-08-28,795,890,746,746,12500
2019-08-29,795,974,795,974,11900
2019-08-30,805,815,805,815,5200
2019-09-02,746,810,746,810,4900
2019-09-03,825,825,825,825,100
2019-09-04,751,810,751,810,6500
2019-09-05,815,815,815,815,300
2019-09-06,815,815,815,815,0
2019-09-09,751,756,751,751,2800
2019-09-10,756,786,746,746,7900
2019-09-11,756,756,756,756,400
2019-09-12,756,756,756,756,1100
2019-09-13,830,830,776,776,400
2019-09-16,830,830,830,830,200
2019-09-17,830,830,830,830,100
2019-09-18,830,830,830,830,0
2019-09-19,830,830,830,830,0
2019-09-20,830,830,830,830,0
2019-09-23,825,825,825,825,2000
2019-09-24,825,825,825,825,0
2019-09-25,825,825,825,825,0
2019-09-26,825,825,825,825,0
2019-09-27,820,820,820,820,400
2019-09-30,820,820,820,820,0
2019-10-01,820,820,820,820,0
2019-10-02,820,820,820,820,0
2019-10-03,820,820,820,820,0
2019-10-04,815,815,815,815,100
2019-10-07,815,815,815,815,100
2019-10-08,815,815,815,815,0
2019-10-09,731,865,711,865,10600
2019-10-10,716,731,716,731,1700
2019-10-11,835,875,731,830,29700
2019-10-14,835,835,736,736,1600
2019-10-15,830,835,741,835,9300
2019-10-16,830,830,751,751,8400
2019-10-17,795,994,751,751,3300
2019-10-18,795,795,795,795,300
2019-10-21,795,795,676,795,40000
2019-10-22,795,795,726,726,300
2019-10-23,795,795,746,746,200
2019-10-24,795,795,656,795,49000
2019-10-25,795,795,726,736,2800
2019-10-28,795,795,726,726,600
2019-10-29,795,795,795,795,0
2019-10-30,756,795,746,795,5400
2019-10-31,795,795,756,756,5700
2019-11-01,795,795,795,795,0
2019-11-04,771,795,607,795,50800
2019-11-05,795,795,706,706,300
2019-11-06,786,786,661,781,1900
2019-11-07,786,786,741,746,12800
2019-11-08,786,786,751,751,12400
2019-11-11,855,855,751,751,32300
2019-11-12,855,855,805,805,200
2019-11-13,855,855,855,855,0
2019-11-14,815,815,756,756,5100
2019-11-15,855,855,855,855,1300
2019-11-18,855,855,855,855,0
2019-11-19,855,855,855,855,0
2019-11-20,825,825,825,825,100
2019-11-21,825,825,825,825,0
2019-11-22,895,905,845,845,2100
2019-11-25,895,895,895,895,0
2019-11-26,820,820,820,820,100
2019-11-27,845,845,666,751,104800
2019-11-28,840,840,840,840,1000
2019-11-29,840,840,795,795,300
2019-12-02,835,890,701,795,160400
2019-12-03,845,845,751,751,2500
2019-12-04,845,845,845,845,0
2019-12-05,845,845,845,845,0
2019-12-06,845,845,845,845,0
2019-12-09,845,845,845,845,0
2019-12-10,751,835,751,751,4000
2019-12-11,795,805,751,766,3400
2019-12-12,835,835,751,751,58300
2019-12-13,795,795,795,795,200
2019-12-16,820,825,751,795,11600
2019-12-17,830,830,820,820,22700
2019-12-18,830,830,830,830,0
2019-12-19,845,845,815,820,11300
2019-12-20,820,820,751,751,5000
2019-12-23,820,820,820,820,0
2019-12-26,820,820,820,820,0
2019-12-27,820,820,820,820,500
2019-12-30,835,835,756,810,72900
2020-01-02,835,835,835,835,200
2020-01-03,855,855,751,756,24600
2020-01-06,855,855,761,761,8300
2020-01-07,855,855,855,855,200
2020-01-08,855,855,855,855,0
2020-01-09,845,845,761,761,6100
2020-01-10,845,845,845,845,0
2020-01-13,845,845,845,845,0
2020-01-14,845,845,845,845,0
2020-01-15,845,845,845,845,0
2020-01-16,845,845,840,840,600
2020-01-17,845,845,845,845,0
2020-01-20,984,994,795,845,51200
2020-01-21,984,984,795,795,900
2020-01-22,979,984,795,800,23900
2020-01-23,979,979,810,979,15800
2020-01-24,969,974,885,935,3000
2020-01-27,855,1104,855,969,59500
2020-01-28,1024,1069,870,870,18100
2020-01-29,1019,1019,870,870,2900
2020-01-30,1024,1024,1024,1024,200
2020-01-31,999,999,999,999,10100
2020-02-03,989,1054,815,955,92000
2020-02-04,790,989,790,989,199100
2020-02-05,860,880,825,835,20700
2020-02-06,880,945,761,761,1800
2020-02-07,915,920,771,920,22800
2020-02-10,984,1034,915,915,16300
2020-02-11,969,1034,850,1034,800
2020-02-12,1079,1094,1014,1019,16100
2020-02-13,810,1129,810,1129,389400
2020-02-14,795,810,761,810,39200
2020-02-17,756,815,671,795,31700
2020-02-18,815,815,756,815,3100
2020-02-19,815,815,716,766,483900
2020-02-20,795,795,721,766,9900
2020-02-21,810,810,716,716,1000
2020-02-24,810,810,810,810,3500
2020-02-25,805,805,721,721,600
2020-02-26,935,1004,815,815,14100
2020-02-27,910,935,840,885,2100
2020-02-28,920,945,795,800,3000
2020-03-02,920,920,920,920,0
2020-03-03,945,945,875,875,500
2020-03-04,840,945,781,945,46000
2020-03-05,736,825,736,805,21900
2020-03-06,691,746,661,736,25700
2020-03-09,696,830,676,756,11600
2020-03-10,696,790,676,790,8600
2020-03-11,696,736,691,736,800
2020-03-12,696,696,696,696,200
2020-03-13,696,696,696,696,0
2020-03-16,696,795,651,696,13000
2020-03-17,686,686,651,686,400
2020-03-18,666,666,641,666,500
2020-03-19,696,736,696,696,8400
2020-03-20,686,686,686,686,100
2020-03-23,666,686,646,651,8900
2020-03-24,621,661,621,656,2600
2020-03-26,696,696,602,616,28300
2020-03-27,776,845,696,696,32100
2020-03-30,726,795,726,746,13400
2020-03-31,721,736,721,731,800
2020-04-01,701,706,696,696,3100
2020-04-02,741,746,656,736,7200
2020-04-03,716,815,696,696,4500
2020-04-06,696,895,696,696,2000
2020-04-07,696,845,696,815,15300
2020-04-08,696,845,696,696,9100
2020-04-09,696,815,696,815,9500
2020-04-13,696,795,696,716,15100
2020-04-14,795,815,696,696,15200
2020-04-15,741,746,741,746,4300
2020-04-16,696,716,696,696,5400
2020-04-17,696,746,666,716,4500
2020-04-20,726,746,696,696,3500
2020-04-21,696,835,676,676,32500
2020-04-22,691,696,656,696,273000
2020-04-23,706,706,706,706,200
2020-04-24,706,706,706,706,0
2020-04-27,706,706,706,706,100
2020-04-28,706,706,706,706,0
2020-04-29,706,706,706,706,0
2020-04-30,766,766,686,686,541600
2020-05-04,716,766,716,766,17300
2020-05-05,711,746,666,716,287500
2020-05-06,701,766,671,671,4000
2020-05-08,696,741,666,701,2000
2020-05-11,696,865,651,666,25700
2020-05-12,696,696,696,696,100
2020-05-13,726,776,671,696,271100
2020-05-14,676,711,676,711,11500
2020-05-15,701,711,676,676,5100
2020-05-18,701,746,671,701,5300
2020-05-19,711,736,671,701,8100
2020-05-20,706,721,671,711,70800
2020-05-26,731,746,676,706,130500
2020-05-27,701,731,691,731,7100
2020-05-28,701,731,671,701,41900
2020-05-29,701,726,671,701,26600
2020-06-02,701,726,671,701,26300
2020-06-03,716,731,686,726,12300
2020-06-04,701,726,681,716,63700
2020-06-05,850,850,736,736,500
2020-06-08,795,850,795,850,13400
2020-06-09,845,850,741,786,165200
2020-06-10,915,945,845,850,24500
2020-06-11,880,915,855,865,18000
2020-06-12,820,875,820,875,4900
2020-06-15,786,945,766,795,148200
2020-06-16,735,830,735,760,302000
2020-06-17,700,740,685,710,192900
2020-06-18,690,710,690,690,36500
2020-06-19,690,700,680,690,21900
2020-06-22,685,690,665,690,2158300
2020-06-23,650,665,650,665,26700
2020-06-24,695,695,650,650,4500
2020-06-25,695,695,685,685,992700
2020-06-26,690,740,660,740,2000
2020-06-29,665,665,655,660,700
2020-06-30,650,650,650,650,2100
2020-07-01,620,635,610,610,2300
2020-07-02,605,660,590,660,4900
2020-07-03,570,610,570,605,53200
2020-07-06,695,695,580,580,98000
2020-07-07,700,705,660,670,48600
2020-07-08,700,700,690,695,7600
2020-07-09,700,700,680,695,9000
2020-07-10,700,700,680,695,7300
2020-07-13,700,700,700,700,0
2020-07-14,700,700,660,700,56600
2020-07-15,700,700,670,670,5100
2020-07-16,695,700,660,670,10900
2020-07-17,700,700,690,690,1700
2020-07-20,700,700,660,695,22200
2020-07-21,700,700,675,700,1500
2020-07-22,700,700,665,665,2400
2020-07-23,700,700,680,680,400
2020-07-24,700,700,665,680,3000
2020-07-27,700,700,670,695,11700
2020-07-28,700,700,675,700,10200
2020-07-29,700,700,700,700,0
2020-07-30,700,700,675,675,200
2020-08-03,700,705,700,705,60000
2020-08-04,700,700,700,700,0
2020-08-05,700,700,700,700,100
2020-08-06,700,700,680,680,700
2020-08-07,695,775,665,665,4300
2020-08-10,695,695,655,655,500
2020-08-11,695,695,695,695,0
2020-08-12,695,695,695,695,500
2020-08-13,695,695,695,695,0
2020-08-14,700,700,695,700,1700
2020-08-18,700,700,700,700,0
2020-08-19,700,700,700,700,0
2020-08-24,700,700,700,700,0
2020-08-25,700,700,700,700,3000
2020-08-26,695,695,695,695,100
2020-08-27,695,695,695,695,100
2020-08-28,700,700,650,655,1400
2020-08-31,700,700,655,655,10300
2020-09-01,695,695,655,655,900
2020-09-02,695,695,695,695,500
2020-09-03,700,700,700,700,500
2020-09-04,655,695,655,660,10000
2020-09-07,695,695,615,615,900
2020-09-08,695,695,695,695,0
2020-09-09,695,695,695,695,100
2020-09-10,695,695,695,695,0
2020-09-11,695,695,650,650,1500
2020-09-14,695,700,650,700,3100
2020-09-15,695,695,695,695,0
2020-09-16,695,695,695,695,0
2020-09-17,695,695,695,695,0
2020-09-18,695,695,650,650,700
2020-09-21,695,695,695,695,0
2020-09-22,695,695,695,695,0
2020-09-23,695,695,695,695,0
2020-09-24,700,700,700,700,500
2020-09-25,695,695,695,695,100
2020-09-28,695,695,695,695,0
2020-09-29,690,690,650,650,9400
2020-09-30,700,700,655,690,1700
2020-10-01,700,700,700,700,0
2020-10-02,655,655,655,655,300
2020-10-05,695,695,615,640,908300
2020-10-06,690,690,690,690,200
2020-10-07,690,690,690,690,0
2020-10-08,690,690,650,650,700
2020-10-09,690,690,690,690,0
2020-10-12,695,695,695,695,200
2020-10-13,690,690,690,690,200
2020-10-14,690,690,690,690,0
2020-10-15,690,690,690,690,0
2020-10-16,690,690,690,690,0
2020-10-19,690,690,690,690,0
2020-10-20,690,690,650,650,2200
2020-10-21,690,690,660,690,400
2020-10-22,690,690,690,690,0
2020-10-23,720,720,690,690,7000
2020-10-26,720,720,720,720,0
2020-10-27,720,720,720,720,0
2020-11-02,760,760,670,670,5200
2020-11-03,760,760,760,760,100
2020-11-04,760,760,760,760,0
2020-11-05,760,760,760,760,100
2020-11-06,760,840,760,760,909100
2020-11-09,760,760,760,760,0
2020-11-10,760,760,760,760,500
2020-11-11,710,760,710,760,200
2020-11-12,710,710,710,710,700
2020-11-13,700,700,700,700,200
2020-11-16,760,760,695,695,3200
2020-11-17,760,760,760,760,300
2020-11-18,755,760,755,760,500
2020-11-19,755,755,755,755,0
2020-11-20,705,705,705,705,100
2020-11-23,665,665,665,665,100
2020-11-24,685,685,680,680,2500
2020-11-25,690,690,690,690,4400
2020-11-26,650,650,650,650,100
2020-11-27,760,760,650,650,800
2020-11-30,760,760,760,760,0
2020-12-01,710,755,710,755,200
2020-12-02,730,730,700,710,1200
2020-12-03,760,760,700,700,1900
2020-12-04,725,725,725,725,3100
2020-12-07,700,700,700,700,2300
2020-12-08,720,720,680,680,3429300
2020-12-10,730,730,725,730,1500
2020-12-11,715,715,680,680,200
2020-12-14,720,720,715,715,400
2020-12-15,720,720,690,720,1000
2020-12-16,700,700,700,700,1100
2020-12-17,700,700,700,700,1100
2020-12-18,700,700,700,700,200
2020-12-21,700,700,700,700,600
2020-12-22,725,725,725,725,100
2020-12-23,725,725,725,725,0
2020-12-28,725,725,725,725,0
2020-12-29,720,720,720,720,100
2020-12-30,730,730,715,715,11700
2021-01-04,730,730,685,730,400
2021-01-05,730,730,730,730,0
2021-01-06,720,720,720,720,100
2021-01-07,730,730,730,730,1000
2021-01-08,685,730,680,730,1200
2021-01-11,685,700,685,700,600
2021-01-12,730,730,730,730,500
2021-01-13,730,730,680,680,900
2021-01-14,730,730,730,730,200
2021-01-15,730,730,730,730,0
2021-01-18,710,730,710,730,1100
2021-01-19,730,730,705,705,300
2021-01-20,720,720,720,720,300
2021-01-21,680,720,680,720,600
2021-01-22,680,680,680,680,0
2021-01-25,680,680,680,680,0
2021-01-26,680,680,680,680,0
2021-01-27,680,680,680,680,0
2021-01-28,680,680,680,680,0
2021-01-29,680,680,680,680,400
2021-02-01,680,680,680,680,0
2021-02-02,680,680,680,680,0
2021-02-03,680,680,680,680,100
2021-02-04,685,685,680,680,800
2021-02-05,685,685,685,685,100
2021-02-08,670,670,670,670,100
2021-02-09,690,690,690,690,200
2021-02-10,690,690,645,680,1400
2021-02-11,700,700,650,695,1900
2021-02-15,690,720,690,700,800
2021-02-16,680,680,680,680,500
2021-02-17,680,680,680,680,0
2021-02-18,700,700,680,680,2107500
2021-02-19,700,700,700,700,0
2021-02-22,700,700,700,700,0
2021-02-23,655,655,655,655,1000
2021-02-24,655,660,655,660,1100
2021-02-25,655,660,615,615,3300
2021-02-26,710,710,610,610,2000
2021-03-01,715,730,715,730,300
2021-03-02,715,715,715,715,100
2021-03-03,715,715,715,715,7900
2021-03-04,735,735,720,720,92100
2021-03-05,730,735,730,735,21200
2021-03-08,820,820,720,740,688400
2021-03-09,810,830,810,825,9100
2021-03-10,805,805,805,805,300
2021-03-12,805,805,805,805,100
2021-03-15,805,805,805,805,0
2021-03-16,775,800,775,800,10100
2021-03-17,800,800,775,775,7500
2021-03-18,800,800,800,800,0
2021-03-19,800,800,800,800,0
2021-03-22,800,800,800,800,100
2021-03-23,800,800,800,800,300
2021-03-24,800,800,800,800,2000
2021-03-25,750,750,745,745,1600
2021-03-26,750,750,750,750,2000
2021-03-29,750,750,750,750,0
2021-03-30,700,700,700,700,700
2021-03-31,800,800,655,700,4400
2021-04-01,800,800,800,800,500
2021-04-05,745,745,745,745,200
2021-04-06,710,715,710,710,1200
2021-04-07,800,800,670,670,1400
2021-04-08,800,800,800,800,0
2021-04-09,800,800,800,800,0
2021-04-12,800,800,800,800,0
2021-04-13,745,755,745,755,500
2021-04-14,695,695,695,695,100
2021-04-15,670,800,655,655,2500
2021-04-16,640,800,640,670,3100
2021-04-19,705,800,640,800,32000
2021-04-20,710,775,705,705,5900
2021-04-21,685,720,670,670,2900
2021-04-22,725,740,685,685,1600
2021-04-23,675,765,675,765,3500
2021-04-26,680,680,635,635,1300
2021-04-27,660,680,655,680,1900
2021-04-28,660,680,620,620,900
2021-04-29,765,765,765,765,500
2021-04-30,800,800,720,765,14700
2021-05-03,800,800,800,800,0
2021-05-04,750,750,750,750,300
2021-05-05,755,755,700,700,8400
2021-05-06,800,800,710,710,1700
2021-05-07,800,800,800,800,0
2021-05-10,785,785,745,745,500
2021-05-11,735,735,735,735,1600
2021-05-17,685,685,685,685,100
2021-05-18,660,660,660,660,200
2021-05-19,645,660,625,630,1500
2021-05-20,690,690,610,610,2000
2021-05-21,645,650,645,650,1700
2021-05-24,675,675,675,675,300
2021-05-25,635,635,635,635,100
2021-05-27,750,790,640,640,3700
2021-05-28,750,750,750,750,800
2021-05-31,930,930,705,705,6600
2021-06-02,865,930,865,930,2600
2021-06-03,805,815,805,815,2900
2021-06-04,755,760,750,750,17600
2021-06-07,705,805,705,805,1400
2021-06-08,740,745,665,665,9900
2021-06-09,695,745,695,740,400
2021-06-10,695,695,695,695,0
2021-06-11,750,750,750,750,200
2021-06-14,760,780,700,750,20400
2021-06-15,760,760,760,760,0
2021-06-16,715,715,715,715,100
2021-06-17,830,890,675,715,15500
2021-06-18,775,830,775,830,500
2021-06-21,740,770,740,740,700
2021-06-22,690,735,690,690,24500
2021-06-23,685,685,645,660,6500
2021-06-24,685,685,685,685,700
2021-06-25,745,745,685,685,2200
2021-06-28,745,745,745,745,100
2021-06-29,695,695,695,695,3800
2021-06-30,695,695,695,695,200
2021-07-01,695,695,695,695,0
2021-07-02,695,695,695,695,0
2021-07-05,695,695,695,695,400
2021-07-06,735,735,695,695,200
2021-07-07,740,785,740,785,400
2021-07-08,740,740,740,740,0
2021-07-09,740,740,740,740,0
2021-07-12,735,735,735,735,200
2021-07-13,735,735,735,735,0
2021-07-14,735,735,735,735,0
2021-07-15,735,735,735,735,0
2021-07-16,735,735,735,735,0
2021-07-19,735,735,735,735,0
2021-07-21,735,735,735,735,0
2021-07-22,730,735,730,735,3100
2021-07-23,725,725,725,725,200
2021-07-26,725,725,725,725,0
2021-07-27,695,715,695,715,700
2021-07-28,665,860,650,695,9900
2021-07-29,700,745,660,660,700
2021-07-30,700,700,700,700,100
2021-08-02,695,695,695,695,100
2021-08-03,680,695,650,695,1500
2021-08-04,720,720,635,635,4300
2021-08-05,690,715,690,715,300
2021-08-06,690,690,690,690,0
2021-08-09,745,755,645,645,1700
2021-08-10,695,745,695,745,200
2021-08-12,695,695,695,695,0
2021-08-13,650,650,650,650,200
2021-08-16,690,690,690,690,1300
2021-08-18,700,790,700,720,2300
2021-08-19,700,700,695,700,2800
2021-08-20,655,690,655,690,400
2021-08-23,655,655,655,655,0
2021-08-24,655,655,655,655,1300
2021-08-25,655,655,655,655,100
2021-08-26,640,655,615,655,1400
2021-08-27,695,795,640,640,5400
2021-08-30,690,695,650,695,1500
2021-08-31,685,690,685,690,1100
2021-09-01,695,735,695,730,1600
2021-09-02,695,695,695,695,100
2021-09-03,695,695,695,695,0
2021-09-06,690,695,650,695,400
2021-09-07,690,690,690,690,0
2021-09-08,745,745,720,720,200
2021-09-09,720,745,720,745,400
2021-09-10,685,720,685,720,2200
2021-09-13,745,745,650,650,500
2021-09-14,715,745,715,745,800
2021-09-15,710,710,665,685,11400
2021-09-16,700,710,700,710,1100
2021-09-17,700,700,700,700,0
2021-09-20,700,700,700,700,0
2021-09-21,700,700,700,700,0
2021-09-22,700,700,700,700,0
2021-09-23,655,655,655,655,500
2021-09-24,640,640,640,640,100
2021-09-27,640,640,640,640,0
2021-09-28,640,640,640,640,0
2021-09-29,640,640,640,640,0
2021-09-30,650,650,650,650,300
2021-10-01,640,650,640,650,1000
2021-10-04,640,640,610,610,2200
2021-10-05,600,650,600,640,35400
2021-10-06,560,630,560,585,31200
2021-10-07,630,630,525,560,34600
2021-10-08,630,630,590,620,7300
2021-10-11,630,630,630,630,200
2021-10-12,640,640,625,625,1100
2021-10-13,600,640,600,640,3900
2021-10-14,610,610,610,610,2900
2021-10-15,705,755,595,595,5107200
2021-10-18,670,710,670,710,4400
2021-10-19,625,660,625,660,7500
2021-10-21,610,655,590,625,3521700
2021-10-22,605,630,605,610,1503400
2021-10-25,605,620,605,620,2100
2021-10-26,590,640,575,575,3309500
2021-10-27,600,705,600,620,1703600
2021-10-28,580,630,560,600,25000
2021-10-29,580,600,580,580,1700
2021-11-01,655,660,580,580,25200
2021-11-02,610,645,610,640,15300
2021-11-03,650,655,610,610,24000
2021-11-04,650,650,630,630,1200
2021-11-05,650,650,610,610,8700
2021-11-08,650,650,610,650,8800
2021-11-09,650,650,650,650,0
2021-11-10,650,650,650,650,1500
2021-11-11,650,650,620,620,2000
2021-11-12,650,650,615,620,5100
2021-11-15,650,650,610,610,5400
2021-11-16,650,650,650,650,100
2021-11-17,650,650,650,650,0
2021-11-18,650,650,625,645,3300
2021-11-19,650,650,650,650,5100
2021-11-22,650,650,650,650,0
2021-11-23,650,650,620,620,300
2021-11-24,650,650,650,650,0
2021-11-25,645,645,605,615,30400
2021-11-26,650,650,610,610,2900
2021-11-29,645,645,605,610,19100
2021-11-30,650,650,630,630,4500
2021-12-01,645,645,605,605,2300
2021-12-02,645,645,645,645,0
2021-12-03,645,645,645,645,0
2021-12-06,645,645,645,645,0
2021-12-07,645,645,645,645,0
2021-12-08,645,645,605,605,4000
2021-12-09,645,645,610,610,3400
2021-12-10,645,645,645,645,0
2021-12-13,650,650,630,630,3700
2021-12-14,650,650,650,650,0
2021-12-15,650,650,610,650,900
2021-12-16,650,650,650,650,0
2021-12-17,650,650,620,620,2100
2021-12-20,650,650,650,650,0
2021-12-21,650,650,650,650,0
2021-12-22,650,650,605,650,6000
2021-12-23,645,650,620,650,1700
2021-12-24,645,645,630,640,4700
2021-12-27,615,615,615,615,100
2021-12-28,645,650,600,600,5900
2021-12-29,650,650,605,605,4300
2021-12-30,650,650,605,605,5200
2022-01-03,650,650,650,650,0
2022-01-04,650,650,650,650,0
2022-01-05,645,645,645,645,100
2022-01-06,645,645,645,645,100
2022-01-07,645,645,645,645,200
2022-01-10,645,645,645,645,500
2022-01-11,645,645,630,630,3400
2022-01-12,615,615,600,610,21900
2022-01-13,610,615,575,615,42000
2022-01-14,635,635,570,575,49100
2022-01-17,635,635,635,635,0
2022-01-18,635,635,595,630,9600
2022-01-19,635,635,625,625,600
2022-01-20,635,635,595,595,600
2022-01-21,630,630,630,630,100
2022-01-24,625,625,590,625,18600
2022-01-25,625,625,610,615,3000
2022-01-26,620,620,585,585,19000
2022-01-27,625,625,580,580,12600
2022-01-28,620,620,620,620,4400
2022-01-31,615,620,580,585,22100
2022-02-02,625,625,575,580,19600
2022-02-03,620,620,585,590,17000
2022-02-04,620,620,620,620,0
2022-02-07,620,620,585,585,19400
2022-02-08,620,620,620,620,0
2022-02-09,620,620,620,620,0
2022-02-10,620,620,620,620,0
2022-02-11,580,610,580,610,19100
2022-02-14,580,580,580,580,200
2022-02-15,580,580,580,580,2400
2022-02-16,570,570,560,560,1100
2022-02-17,570,575,570,575,300
2022-02-18,570,570,565,570,1000
2022-02-21,560,570,560,570,11800
2022-02-22,560,560,560,560,0
2022-02-23,585,590,540,560,12100
2022-02-24,545,590,545,590,5000
2022-02-25,545,600,545,590,500
2022-03-01,535,550,535,535,20800
2022-03-02,525,545,525,545,9600
2022-03-04,525,525,525,525,100
2022-03-07,520,540,520,540,400
2022-03-08,515,520,510,520,7800
2022-03-09,500,530,500,515,1800
2022-03-10,480,530,480,530,4400
2022-03-11,480,480,480,480,0
2022-03-14,484,595,480,480,120800
2022-03-15,530,560,500,500,29500
2022-03-16,494,555,494,555,34300
2022-03-17,505,600,494,494,22100
2022-03-18,492,535,492,498,10600
2022-03-21,490,496,472,492,15000
2022-03-22,505,570,474,490,7400
2022-03-23,490,525,484,505,1100
2022-03-24,478,490,474,490,3200
2022-03-25,484,540,482,500,4100
2022-03-28,478,478,470,478,5000
2022-03-29,478,478,470,470,4800
2022-03-30,478,478,478,478,900
2022-03-31,474,474,474,474,3300
2022-04-01,476,476,476,476,700
2022-04-04,496,496,496,496,200
2022-04-05,496,496,496,496,700
2022-04-06,470,476,470,476,5000
2022-04-07,468,470,468,470,4000
2022-04-08,470,470,470,470,1400
2022-04-11,460,468,458,468,10800
2022-04-12,442,482,440,458,17800
2022-04-13,428,442,428,442,1200
2022-04-14,458,478,450,450,12000
2022-04-18,442,442,442,442,100
2022-04-19,424,458,420,458,1600
2022-04-20,462,478,416,418,3800
2022-04-21,454,454,454,454,300
2022-04-22,448,456,430,456,21600
2022-04-25,468,478,444,478,4600
2022-04-26,466,466,444,446,2700
2022-04-27,462,464,436,436,4200
2022-04-28,440,464,430,440,30200
2022-05-09,442,442,442,442,1400
2022-05-10,450,458,440,458,21800
2022-05-11,448,450,420,450,34000
2022-05-12,430,430,418,430,27200
2022-05-13,448,448,412,416,11500
2022-05-17,420,428,420,428,1400
2022-05-18,394,404,392,404,23400
2022-05-19,436,448,394,394,4800
2022-05-20,412,412,408,410,2900
2022-05-23,402,412,402,412,400
2022-05-24,390,420,390,420,1700
2022-05-25,436,436,364,390,42500
2022-05-27,406,434,406,432,46300
2022-05-30,388,406,378,406,36700
2022-05-31,400,402,390,390,14700
2022-06-02,402,402,398,400,7400
2022-06-03,400,408,382,400,16500
2022-06-06,404,408,382,406,7300
2022-06-07,400,400,400,400,100
2022-06-08,400,408,400,400,10000
2022-06-09,400,400,400,400,0
2022-06-10,400,400,400,400,0
2022-06-13,400,400,400,400,7100
2022-06-14,398,400,378,400,500
2022-06-15,400,400,398,398,300
2022-06-16,398,398,390,398,376900
2022-06-17,398,398,382,382,742800
2022-06-20,398,398,398,398,4300
2022-06-21,398,398,398,398,0
2022-06-22,376,382,374,382,3400
2022-06-23,386,386,350,376,17600
2022-06-24,412,412,374,374,8300
2022-06-27,394,404,384,404,8100
2022-06-28,406,420,406,420,1100
2022-06-29,406,406,406,406,0
2022-06-30,380,398,380,386,1600
2022-07-01,406,406,356,380,151000
2022-07-04,406,406,382,382,2700
2022-07-05,406,406,406,406,1000
2022-07-06,402,402,402,402,100
2022-07-07,402,402,402,402,0
2022-07-08,402,402,402,402,0
2022-07-11,402,402,402,402,0
2022-07-12,402,402,402,402,100
2022-07-13,396,396,374,386,600
2022-07-14,370,380,370,380,7100
2022-07-15,350,376,346,370,5500
2022-07-18,330,366,328,366,57300
2022-07-19,328,332,328,332,1600
2022-07-20,360,360,328,328,7900
2022-07-21,390,390,340,340,11500
2022-07-22,398,398,398,398,200
2022-07-25,398,398,398,398,0
2022-07-26,398,398,398,398,0
2022-07-27,398,398,398,398,0
2022-07-28,398,398,398,398,0
2022-07-29,412,412,396,396,6200
2022-08-01,412,412,412,412,0
2022-08-02,412,412,412,412,100
2022-08-03,412,412,412,412,0
2022-08-04,412,438,412,412,800
2022-08-05,412,412,412,412,0
2022-08-08,412,412,412,412,0
2022-08-09,412,412,412,412,0
2022-08-10,412,412,412,412,0
2022-08-11,420,450,412,412,7400
2022-08-12,422,462,422,448,800
2022-08-15,420,420,410,410,300
2022-08-16,412,458,412,438,900
2022-08-18,412,412,412,412,200
2022-08-19,412,412,412,412,0
2022-08-22,398,398,398,398,100
2022-08-23,420,420,398,398,11700
2022-08-24,420,450,418,418,1500
2022-08-25,418,420,418,420,1300
2022-08-26,398,418,398,418,1400
2022-08-29,426,426,400,400,1100
2022-08-30,402,422,402,422,800
2022-08-31,428,442,400,400,2100
2022-09-01,418,432,408,432,1100
2022-09-02,422,450,392,414,7100
2022-09-05,408,424,398,424,3300
2022-09-06,408,408,408,408,300
2022-09-07,408,408,408,408,0
2022-09-08,408,408,408,408,100
2022-09-09,398,408,398,408,1400
2022-09-12,398,400,398,400,3200
2022-09-13,400,432,396,406,1000
2022-09-14,408,408,406,406,500
2022-09-15,414,448,406,408,25500
2022-09-16,444,444,400,414,3500
2022-09-19,414,444,414,444,8100
2022-09-20,414,414,414,414,0
2022-09-21,444,444,410,410,2300
2022-09-22,424,424,424,424,100
2022-09-23,408,448,408,426,1500
2022-09-26,400,408,400,402,2900
2022-09-27,380,380,380,380,100
2022-09-28,400,412,378,380,1800
2022-09-29,378,400,378,400,2400
2022-09-30,400,406,390,406,300
2022-10-03,396,396,396,396,1400
2022-10-04,396,396,396,396,0
2022-10-05,408,414,396,396,400
2022-10-06,408,408,408,408,0
2022-10-07,408,408,408,408,0
2022-10-10,410,410,410,410,100
2022-10-11,410,410,410,410,0
2022-10-12,388,434,382,404,6500
2022-10-13,366,368,366,368,200
2022-10-14,366,366,366,366,200
2022-10-17,382,400,382,386,3000
2022-10-18,384,384,366,366,400
2022-10-19,366,384,366,366,300
2022-10-20,400,400,390,390,2600
2022-10-21,410,410,372,376,11100
2022-10-24,410,410,410,410,100
2022-10-25,418,418,410,410,12200
2022-10-26,448,454,438,438,600
2022-10-27,448,448,448,448,0
2022-10-28,448,448,448,448,0
2022-10-31,448,448,448,448,0
2022-11-01,430,444,418,422,4300
2022-11-02,400,412,400,412,4700
2022-11-03,416,426,372,418,18600
2022-11-04,418,424,388,388,2700
2022-11-07,390,416,390,416,21300
2022-11-08,384,384,364,382,13700
2022-11-09,360,364,360,362,3800
2022-11-10,382,382,336,346,50600
2022-11-11,400,400,380,382,31600
2022-11-14,372,372,372,372,5200
2022-11-15,384,384,384,384,200
2022-11-16,384,384,358,384,18600
2022-11-17,384,384,384,384,0
2022-11-18,384,384,384,384,0
2022-11-21,384,384,358,372,16200
2022-11-22,388,398,358,362,38500
2022-11-23,362,366,362,366,20800
2022-11-24,350,380,342,366,9800
2022-11-25,362,362,326,350,29800
2022-11-28,376,376,360,360,6300
2022-11-29,370,370,352,360,300
2022-11-30,406,406,348,370,28700
2022-12-01,406,406,400,400,1800
2022-12-02,400,400,384,384,950700
2022-12-05,400,400,400,400,0
2022-12-06,400,400,400,400,0
2022-12-07,382,382,382,382,100
2022-12-08,382,382,382,382,0
2022-12-09,382,382,382,382,100
2022-12-12,370,468,362,382,38000
2022-12-13,384,400,346,362,25000
2022-12-14,384,384,384,384,100
2022-12-15,388,388,362,380,700
2022-12-16,388,388,388,388,0
2022-12-19,386,386,386,386,100
2022-12-20,364,364,360,364,2500
2022-12-21,396,432,364,364,2262900
2022-12-22,370,398,370,396,10800
2022-12-23,380,384,348,370,6900
2022-12-26,388,388,354,380,18700
2022-12-27,396,400,366,388,14000
2022-12-28,398,398,378,378,700
2022-12-29,400,400,382,394,41900
2022-12-30,446,428,400,400,39400
2023-01-02,418,430,418,430,1400
2023-01-03,416,416,392,392,1200
2023-01-04,416,416,416,416,200
2023-01-05,416,416,416,416,0
2023-01-06,398,410,388,400,1500
2023-01-09,402,402,402,402,100
2023-01-10,402,402,402,402,0
2023-01-11,402,402,402,402,0
2023-01-12,376,404,374,386,2500
2023-01-13,426,442,350,376,28400
2023-01-16,402,402,400,402,1200
2023-01-17,420,420,412,412,2200
2023-01-18,444,444,408,420,31700
2023-01-19,444,444,444,444,0
2023-01-20,450,464,416,436,32100
2023-01-24,450,464,430,430,5100
2023-01-25,462,462,448,450,57600
2023-01-26,450,450,450,450,15700
2023-01-27,466,466,446,446,131700
2023-01-30,468,468,464,464,2400
2023-01-31,468,468,468,468,0
2023-02-01,468,468,438,438,2800
2023-02-02,466,470,460,470,2700
2023-02-03,466,466,450,450,300
2023-02-06,468,468,466,466,600
2023-02-07,468,472,446,450,7700
2023-02-08,468,468,468,468,0
2023-02-09,454,468,454,468,200
2023-02-10,454,454,444,450,1800
2023-02-13,454,454,454,454,200
2023-02-14,456,456,454,454,600
2023-02-15,462,462,462,462,100
2023-02-16,462,462,462,462,100
2023-02-17,462,462,462,462,200
2023-02-20,462,462,462,462,0
2023-02-21,462,462,462,462,200
2023-02-22,460,460,460,460,100
2023-02-23,460,460,460,460,0
2023-02-24,432,458,428,440,14200
2023-02-27,448,470,432,432,10000
2023-02-28,454,462,434,448,10200
2023-03-01,460,460,450,454,5000
2023-03-02,472,472,442,442,52900
2023-03-03,448,470,446,470,3100
2023-03-06,460,460,448,448,1800
2023-03-07,460,460,460,460,0
2023-03-08,450,460,446,460,1400
2023-03-09,450,450,450,450,100
2023-03-10,450,450,450,450,100
2023-03-13,450,450,450,450,1100
2023-03-14,450,450,450,450,0
2023-03-15,450,450,450,450,400
2023-03-16,420,450,420,420,7600
2023-03-17,392,428,392,422,2800
2023-03-20,390,392,390,392,7100
2023-03-21,444,458,430,434,24700
2023-03-24,444,444,444,444,100
2023-03-27,444,444,442,444,1600
2023-03-28,416,444,416,416,30900
2023-03-29,416,416,416,416,100
2023-03-30,438,442,394,394,3600
2023-03-31,470,470,436,436,26500
2023-04-03,470,470,470,470,0
2023-04-04,470,470,470,470,0
2023-04-05,470,470,470,470,0
2023-04-06,468,468,448,450,2500
2023-04-10,468,468,448,448,500
2023-04-11,468,470,468,468,2900
2023-04-12,468,468,468,468,100
2023-04-13,466,466,466,466,1000
2023-04-14,466,466,466,466,0
2023-04-17,466,466,466,466,0
2023-04-18,466,466,466,466,100
2023-04-26,466,466,466,466,0
2023-04-27,466,466,466,466,0
2023-04-28,464,464,464,464,100
2023-05-02,464,464,464,464,0
2023-05-03,464,464,464,464,0
2023-05-04,464,464,464,464,2200
2023-05-05,438,450,438,450,200
2023-05-08,438,442,418,438,1800
2023-05-09,420,440,416,440,2500
2023-05-10,426,426,400,422,5500
2023-05-11,426,426,426,426,1300
2023-05-12,428,428,400,426,2000
2023-05-15,428,428,420,420,2300
2023-05-16,430,430,430,430,300
2023-05-17,430,430,430,430,0
2023-05-19,430,430,430,430,0
2023-05-22,440,440,430,430,1400
2023-05-23,438,438,434,434,400
2023-05-24,440,450,438,438,1400
2023-05-25,444,444,442,442,2000
2023-05-26,416,444,416,444,800
2023-05-29,416,416,416,416,0
2023-05-30,448,450,396,396,3300
2023-05-31,450,450,450,450,100
2023-06-05,450,450,450,450,100
2023-06-06,412,450,412,450,200
2023-06-07,412,412,412,412,0
2023-06-08,436,436,430,430,34600
2023-06-09,448,448,448,448,200
2023-06-12,464,464,430,430,1700
2023-06-13,464,466,446,460,5900
2023-06-14,454,460,410,460,2500
2023-06-15,458,458,458,458,7100
2023-06-16,460,468,460,464,12900
2023-06-19,466,466,460,460,600
2023-06-20,468,468,466,466,9500
2023-06-21,468,468,468,468,700
2023-06-22,468,468,468,468,0
2023-06-23,468,468,468,468,0
2023-06-26,468,468,468,468,100
2023-06-27,468,470,468,470,4600
2023-07-03,468,468,466,468,1800
2023-07-04,466,470,466,470,2200
2023-07-05,470,470,470,470,100
2023-07-06,462,466,462,466,4100
2023-07-07,466,470,466,470,13400
2023-07-10,466,466,466,466,9600
2023-07-11,470,470,466,466,2700
2023-07-12,470,472,470,470,11000
2023-07-13,470,470,468,468,300
2023-07-14,470,470,470,470,0
2023-07-17,470,470,466,470,19800
2023-07-18,470,470,470,470,20100
2023-07-20,470,470,466,466,6800
2023-07-21,470,478,466,470,714600
2023-07-24,472,472,470,470,730100
2023-07-25,470,472,470,470,458000
2023-07-26,470,470,470,470,55500
2023-07-27,482,575,442,470,374700
2023-07-28,470,498,468,482,1222100
2023-07-31,472,478,470,470,1108200
2023-08-01,470,492,450,476,1499000
2023-08-02,460,470,460,470,5400
2023-08-03,480,480,466,480,603600
2023-08-04,478,480,478,480,500
2023-08-07,470,470,468,468,605000
2023-08-08,470,470,468,470,904000
2023-08-09,472,474,454,470,163900
2023-08-10,480,480,464,464,15900
2023-08-11,478,480,460,480,36600
2023-08-14,480,480,480,480,2800
2023-08-15,480,482,480,480,41500
2023-08-16,478,480,476,476,4400
2023-08-18,476,480,476,480,13300
2023-08-21,472,472,472,472,1000
2023-08-22,480,480,472,472,2000
2023-08-23,480,480,480,480,500
2023-08-24,478,480,478,480,9100
2023-08-25,478,482,478,478,636200
2023-08-28,478,480,478,480,140800
2023-08-29,472,545,472,478,126300
2023-08-30,494,494,488,488,90200
2023-08-31,484,484,470,470,92900
2023-09-01,484,484,464,484,42500
2023-09-04,484,484,484,484,200
2023-09-05,484,486,458,486,25000
2023-09-06,484,484,484,484,1100
2023-09-07,486,486,470,484,5900
2023-09-08,484,484,480,480,800
2023-09-11,480,480,462,468,1200
2023-09-12,480,480,460,462,2700
2023-09-13,476,480,476,476,9600
2023-09-14,488,490,476,490,21300
2023-09-15,486,486,486,486,600
2023-09-18,452,486,452,486,7700
2023-09-19,452,452,452,452,100
2023-09-20,452,452,452,452,0
2023-09-21,452,452,452,452,2600
2023-09-22,452,462,452,462,2200
2023-09-25,452,452,452,452,0
2023-09-26,444,452,444,452,1500
2023-09-27,474,474,446,446,500
2023-09-29,486,486,468,468,1500
2023-10-02,494,494,486,486,4800
2023-10-03,490,490,490,490,200
2023-10-04,488,488,488,488,500
2023-10-05,488,488,488,488,0
2023-10-06,470,470,468,468,2900
2023-10-09,478,488,460,470,8300
2023-10-10,488,488,478,478,2300
2023-10-11,490,490,480,488,313900
2023-10-12,494,494,488,488,530900
2023-10-13,500,500,490,490,1344400
2023-10-16,515,515,496,505,713900
2023-10-17,525,530,496,505,555000
2023-10-18,545,545,478,520,1161200
2023-10-19,555,560,530,530,447500
2023-10-20,580,580,488,550,659200
2023-10-23,595,600,585,585,105100
2023-10-24,610,610,595,595,402000
2023-10-25,620,620,605,615,995900
2023-10-26,625,625,600,620,731700
2023-10-27,635,635,505,625,889800
2023-10-30,650,650,630,640,1824300
2023-10-31,645,650,630,650,1036000
2023-11-01,650,655,610,645,1039100
2023-11-02,655,655,625,640,1071300
2023-11-03,665,665,650,655,1029500
2023-11-06,665,670,660,665,1055600
2023-11-07,670,675,660,665,988900
2023-11-08,670,680,665,670,968800
2023-11-09,660,670,630,670,956000
2023-11-10,665,690,660,660,940000
2023-11-13,670,675,655,665,1008200
2023-11-14,675,680,665,670,972900
2023-11-15,685,685,675,675,1118800
2023-11-16,680,685,675,685,997100
2023-11-17,685,685,675,680,1004900
2023-11-20,690,690,670,685,1011200
2023-11-21,690,695,675,685,1000100
2023-11-22,680,695,680,685,967500
2023-11-23,690,705,685,685,1032500
2023-11-24,690,695,690,690,975400
2023-11-27,695,695,665,690,967400
2023-11-28,700,705,685,690,1011200
2023-11-29,705,710,695,695,1008700
2023-11-30,710,710,695,700,1002600
2023-12-01,720,720,685,705,1061700
2023-12-04,710,720,700,710,987900
2023-12-05,715,720,705,710,983600
2023-12-06,710,715,705,710,1011100
2023-12-07,710,720,690,710,1131900
2023-12-08,720,720,710,710,999900
2023-12-11,715,720,710,710,1028800
2023-12-12,720,720,715,715,1550400
2023-12-13,715,725,715,715,1472300
2023-12-14,720,725,720,725,1508900
2023-12-15,720,725,715,725,1500200
2023-12-18,720,730,705,720,1799500
2023-12-19,725,725,655,715,1784000
2023-12-20,715,725,715,720,1808300
2023-12-21,725,725,695,715,1775400
2023-12-22,725,725,710,720,1759400
2023-12-27,725,725,710,715,1968900
2023-12-28,720,725,715,725,1947700
2023-12-29,720,725,710,715,1934700
2024-01-02,700,700,695,700,1005100
2024-01-03,680,690,670,690,1014300
2024-01-04,665,675,660,675,997000
2024-01-05,635,650,630,650,991400
2024-01-08,660,660,635,635,1988000
2024-01-09,680,680,660,660,2003300
2024-01-10,700,700,675,680,2004300
2024-01-11,705,705,690,690,2209900
2024-01-12,720,720,695,700,2156800
2024-01-15,710,725,705,725,1972900
2024-01-16,720,725,705,710,2642600
2024-01-17,750,790,715,720,3192400
2024-01-18,775,780,745,750,3506200
2024-01-19,805,805,770,775,4314600
2024-01-22,800,875,650,795,4533700
2024-01-23,720,835,660,780,3224300
2024-01-24,730,770,670,700,1555400
2024-01-25,760,770,550,710,2641000
2024-01-26,790,790,755,765,1765500
2024-01-29,770,795,770,780,1960900
2024-01-30,720,875,605,790,1423100
2024-01-31,730,750,695,700,562400
2024-02-01,755,770,700,770,1820100
2024-02-02,780,780,750,755,874600
2024-02-05,810,810,760,775,397800
2024-02-06,860,860,810,815,1101900
2024-02-07,905,905,850,850,728700
2024-02-12,990,995,900,905,139600
2024-02-13,975,980,940,980,92500
2024-02-15,1070,1070,905,975,120400
2024-02-16,1055,1060,965,1000,135500
2024-02-19,1080,1080,1000,1055,1295200
2024-02-20,1060,1075,1020,1075,523300
2024-02-21,1060,1070,1000,1060,436300
2024-02-22,1045,1055,1000,1055,391900
2024-02-23,1060,1060,995,1005,505000
2024-02-26,1100,1160,955,1060,482800
2024-02-27,1070,1110,1000,1110,414200
2024-02-28,1060,1100,965,1060,526000
2024-02-29,1085,1090,1010,1055,401600
2024-03-01,1010,1090,980,1085,505300
2024-03-04,1000,1000,910,1000,641600
2024-03-05,920,1100,910,980,1604500
2024-03-06,1000,1000,925,925,1549100
2024-03-07,935,1010,935,1000,1016500
2024-03-08,1005,1010,940,940,1034200
2024-03-13,1005,1010,975,995,1615100
2024-03-14,1000,1005,975,975,1556100
2024-03-15,950,990,915,960,1118200
2024-03-18,965,970,910,950,1148800
2024-03-19,995,1000,990,1000,1058800
2024-03-20,1000,1000,970,990,949800
2024-03-21,995,1000,985,1000,866500
2024-03-22,985,990,970,990,1051800
2024-03-25,985,985,985,985,3200
2024-03-26,975,980,975,980,400
2024-03-27,975,975,975,975,0
2024-03-28,975,975,975,975,0
2024-04-01,980,980,980,980,2300
2024-04-02,980,980,980,980,100
2024-04-03,995,1000,995,1000,900
2024-04-04,995,995,995,995,0
2024-04-05,995,995,995,995,100
2024-04-16,1000,1000,1000,1000,8400
2024-04-17,1000,1000,1000,1000,5100
2024-04-18,1000,1000,1000,1000,0
2024-04-19,1000,1000,1000,1000,0
2024-04-22,995,995,995,995,900
2024-04-23,995,995,995,995,0
2024-04-24,985,985,985,985,100
2024-04-25,985,985,985,985,0
2024-04-26,1000,1000,985,985,295000
2024-04-29,1000,1000,1000,1000,0
2024-04-30,1000,1000,1000,1000,900
2024-05-02,1000,1000,1000,1000,0
2024-05-03,1000,1000,1000,1000,0
2024-05-06,990,990,990,990,500
2024-05-07,990,990,990,990,0
2024-05-08,990,990,990,990,0
2024-05-13,990,990,990,990,0
2024-05-14,990,990,990,990,0
2024-05-15,990,990,990,990,0
2024-05-16,990,990,990,990,0
2024-05-17,990,990,990,990,0
2024-05-20,975,980,975,980,600
2024-05-21,975,975,975,975,0
2024-05-22,975,975,975,975,0
2024-05-27,1020,1020,980,1000,1219300
2024-05-28,1040,1045,1020,1035,1288000
2024-05-29,1050,1050,1035,1040,1530200
2024-05-30,1055,1060,1045,1045,1589200
2024-05-31,1060,1060,1055,1060,1180400
2024-06-03,1080,1080,1050,1060,1277900
2024-06-04,1080,1080,1075,1075,1117300
2024-06-05,1080,1085,1075,1075,1198000
2024-06-06,1080,1080,1070,1070,1196400
2024-06-07,1080,1085,1075,1080,1176800
2024-06-10,1080,1085,1070,1075,1328100
2024-06-11,1075,1080,1070,1070,1152900
2024-06-12,1080,1080,1070,1070,1102800
2024-06-13,1080,1085,1070,1070,1255800
2024-06-14,1085,1085,1070,1070,1152000
2024-06-19,1085,1085,1050,1070,1138600
2024-06-20,1080,1080,1070,1075,1181900
2024-06-21,1080,1080,915,1080,1138600
2024-06-24,1085,1085,1075,1085,1117600
2024-06-25,1090,1090,1075,1080,1116800
2024-06-26,1085,1090,1070,1090,2041900
2024-06-27,1090,1090,1075,1080,1025200
2024-06-28,1085,1090,1075,1085,968900
2024-07-01,1090,1090,1065,1085,1049300
2024-07-02,1065,1090,1065,1080,811100
2024-07-03,1065,1065,1060,1065,811400
2024-07-04,1070,1075,1055,1060,994500
2024-07-05,1075,1075,1055,1065,1009600
2024-07-08,1070,1110,1050,1105,974300
2024-07-09,1065,1075,1050,1060,1031400
2024-07-10,1060,1065,1050,1060,990400
2024-07-11,1065,1065,1025,1060,977000
2024-07-12,1065,1070,1045,1060,989100
2024-07-15,1070,1070,1050,1060,1002500
2024-07-16,1065,1075,1055,1060,965400
2024-07-17,1075,1075,1055,1060,999200
2024-07-18,1070,1075,1060,1065,1009400
2024-07-19,1070,1075,1050,1065,1003000
2024-07-22,1060,1070,1055,1065,950800
2024-07-23,1060,1065,1050,1065,947800
2024-07-24,1050,1065,1050,1060,698500
2024-07-25,1060,1060,1040,1050,968900
2024-07-26,1055,1065,1050,1060,886700
2024-07-29,1065,1065,1040,1055,927300
2024-07-30,1065,1070,1050,1060,967600
2024-07-31,1070,1080,1055,1060,929400
2024-08-01,1065,1070,1055,1060,873800
2024-08-02,1065,1065,1020,1020,911500
2024-08-05,1045,1065,1025,1060,537800
2024-08-06,1050,1055,1045,1050,517700
2024-08-07,1050,1065,1050,1050,862600
2024-08-08,1060,1060,1050,1050,753200
2024-08-09,1100,1100,1060,1060,1119800
2024-08-12,1060,1080,1050,1080,588400
2024-08-13,1060,1065,975,1050,605500
2024-08-14,1060,1070,1045,1065,511000
2024-08-15,1070,1070,1055,1060,434700
2024-08-16,1055,1065,1050,1060,411900
2024-08-19,1065,1070,1055,1060,424500
2024-08-20,1065,1065,1050,1060,319500
2024-08-21,1060,1070,1050,1065,285700
2024-08-22,1040,1065,1040,1060,197400
2024-08-23,1070,1070,1050,1050,222500
2024-08-26,1065,1070,1065,1065,182700
2024-08-27,1065,1065,1060,1060,203200
2024-08-28,1065,1065,1045,1045,200100
2024-08-29,1065,1065,1060,1060,211700
2024-08-30,1060,1060,1050,1055,180300
2024-09-02,1050,1060,1045,1060,101800
2024-09-03,1060,1060,1045,1050,1002900
2024-09-04,1055,1060,1055,1055,892000
2024-09-05,1050,1055,925,1055,271100
2024-09-06,1060,1065,1025,1050,862400
2024-09-09,1055,1060,1050,1055,425200
2024-09-10,1065,1065,1055,1055,526700
2024-09-11,1055,1065,1055,1060,159200
2024-09-12,1060,1060,1050,1055,206200
2024-09-13,1050,1055,1050,1050,123100
2024-09-17,1060,1070,1060,1070,602000
2024-09-18,1060,1060,1045,1055,140000
2024-09-19,1060,1060,1050,1050,125500
2024-09-20,1055,1060,1050,1055,100700
2024-09-23,1065,1065,1055,1055,607400
2024-09-24,1065,1070,1040,1055,596600
2024-09-25,1035,1065,925,1065,198500
2024-09-26,1050,1050,1005,1035,1596300
2024-09-27,1045,1050,1045,1050,993200
2024-09-30,1050,1050,1040,1045,1421600
2024-10-01,1040,1050,1000,1050,1853900
2024-10-02,1035,1040,1035,1040,1013100
2024-10-03,1045,1045,1035,1035,1103400
2024-10-04,1035,1040,1000,1040,1013400
2024-10-07,1040,1040,1035,1035,2100
2024-10-08,1025,1040,1025,1040,3300
2024-10-09,1020,1025,1020,1025,5300
2024-10-10,1035,1050,1035,1050,13100
2024-10-11,1030,1035,1030,1035,1300
2024-10-14,1000,1030,1000,1030,256000
2024-10-15,1025,1030,1020,1020,2200
2024-10-16,1025,1025,1025,1025,200
2024-10-17,1005,1025,1000,1025,10900
2024-10-18,1015,1015,1015,1015,200
2024-10-21,1030,1035,1030,1035,400
2024-10-22,1030,1035,1030,1035,2300
2024-10-23,1030,1030,1030,1030,0
2024-10-24,1065,1275,1050,1050,742900
2024-10-25,995,1070,950,1070,234300
2024-10-28,1030,1200,900,995,235300
2024-10-29,1045,1095,975,1000,314300
2024-10-30,960,1060,930,1060,314700
2024-10-31,930,975,910,960,35100
2024-11-01,960,1000,910,935,103300
2024-11-04,990,1035,965,965,59000
2024-11-05,1010,1020,990,1020,1700
2024-11-06,1000,1010,1000,1010,1600
2024-11-07,995,1000,905,1000,1600
2024-11-08,995,995,995,995,0
2024-11-11,980,990,900,990,7300
2024-11-12,960,960,900,925,9600
2024-11-13,1005,1005,900,910,7600
2024-11-14,920,1005,920,1005,4600
2024-11-15,945,1050,940,940,5200
2024-11-18,950,1025,910,920,2100
2024-11-19,930,950,920,950,1700
2024-11-20,930,930,920,925,800
2024-11-21,945,995,930,995,2300
2024-11-22,920,935,920,935,2300
2024-11-25,920,1025,915,920,6700
2024-11-26,940,940,910,915,1500
2024-11-28,940,940,900,940,3500
2024-11-29,945,945,900,935,15200
2024-12-02,945,945,945,945,10000
2024-12-03,940,940,905,940,1400
2024-12-04,940,940,910,940,3000
2024-12-05,935,940,905,940,4000
2024-12-06,930,940,930,930,3300
2024-12-09,930,930,930,930,0
2024-12-10,935,950,900,910,13900
2024-12-11,935,935,910,910,2100
2024-12-12,930,935,930,935,15800
2024-12-13,935,935,935,935,200
2024-12-16,940,940,710,935,64700
2024-12-17,940,940,910,910,1154700
2024-12-18,940,940,900,940,1194700
2024-12-19,935,935,900,910,904900
2024-12-20,935,940,900,910,1179600
2024-12-23,885,910,885,910,48500
2024-12-24,920,920,880,900,323700
2024-12-27,940,940,900,920,7600
2024-12-30,915,915,900,905,7800
2025-01-02,910,910,910,910,100
2025-01-03,915,915,915,915,200
2025-01-06,915,915,915,915,0
2025-01-07,915,915,915,915,0
2025-01-08,915,915,915,915,0
2025-01-09,925,945,925,945,300
2025-01-10,970,970,915,930,7700
2025-01-13,950,1025,900,1000,69400
2025-01-14,935,940,880,920,13400
2025-01-15,920,935,890,935,11700
2025-01-16,920,920,890,895,600
2025-01-17,930,930,895,920,8100
2025-01-20,890,920,890,920,1800
2025-01-21,950,985,900,985,3800
2025-01-22,925,965,900,950,1600
2025-01-23,940,940,905,940,1500
2025-01-24,930,930,885,910,6000
2025-01-30,930,930,930,930,0
